info=[...
1	2.5	0	13	48	21.52317526
2	2.5	0	13	48	21.94579637
3	2.5	0	13	48	17.77178075
4	2.5	0	13	96	29.0844124
5	2.5	0	13	96	27.79800509
6	2.5	0	13	96	25.47105349
7	2.5	0	13	144	40.26385964
8	2.5	0	13	144	31.42591302
9	2.5	0	13	144	30.10274234
10	2.5	0	13	192	45.99871795
11	2.5	0	13	192	52.40013862
12	2.5	0	13	192	51.50059727
13	2.5	0	13	240	28.19845591
14	2.5	0	13	240	20.53772074
15	2.5	0	13	240	31.31361079
16	2.5	0	17	48	33.91195314
17	2.5	0	17	48	32.73503297
18	2.5	0	17	48	23.52684277
19	2.5	0	17	96	51.69274849
20	2.5	0	17	96	50.42581808
21	2.5	0	17	96	43.07069396
22	2.5	0	17	144	23.78131183
23	2.5	0	17	144	22.40265119
24	2.5	0	17	144	32.47857275
25	5	0	13	48	35.35889747
26	5	0	13	48	42.9177477
27	5	0	13	48	36.51665331
28	5	0	13	96	44.718224
29	5	0	13	96	50.15221849
30	5	0	13	96	44.4166429
31	5	0	13	144	46.33863114
32	5	0	13	144	48.52176564
33	5	0	13	144	56.2087956
34	5	0	13	192	67.51421651
35	5	0	13	192	69.16987352
36	5	0	13	192	65.88125658
37	5	0	13	240	38.95630658
38	5	0	13	240	35.58447388
39	5	0	13	240	45.22592364
40	5	0	17	48	65.49340486
41	5	0	17	48	64.01033921
42	5	0	17	48	81.47730052
43	5	0	17	96	80.31024265
44	5	0	17	96	107.2558603
45	5	0	17	96	86.69239645
46	5	0	17	144	48.97130304
47	5	0	17	144	57.83483839
48	5	0	17	144	50.19687249
49	10	0	13	48	36.25476203
50	10	0	13	48	37.82922702
51	10	0	13	48	34.40349965
52	10	0	13	96	53.43752232
53	10	0	13	96	43.90205482
54	10	0	13	96	39.9145774
55	10	0	13	144	55.23188228
56	10	0	13	144	44.54030792
57	10	0	13	144	45.43905111
58	10	0	13	192	74.83332819
59	10	0	13	192	60.5963628
60	10	0	13	192	68.04685578
61	10	0	13	240	49.78934392
62	10	0	13	240	34.11291054
63	10	0	13	240	43.32051759
64	10	0	17	48	68.99860229
65	10	0	17	48	76.55652917
66	10	0	17	48	57.91754742
67	10	0	17	96	105.480139
68	10	0	17	96	86.54737867
69	10	0	17	96	87.58174098
70	10	0	17	144	48.40197557
71	10	0	17	144	67.16394456
72	10	0	17	144	59.53197327
73	1.875	0.625	13	48	19.89953083
74	1.875	0.625	13	48	25.24826169
75	1.875	0.625	13	48	21.11044992
76	1.875	0.625	13	96	29.69081368
77	1.875	0.625	13	96	32.45650509
78	1.875	0.625	13	96	23.40400215
79	1.875	0.625	13	144	40.86259174
80	1.875	0.625	13	144	33.02210423
81	1.875	0.625	13	144	33.34028878
82	1.875	0.625	13	192	58.58235851
83	1.875	0.625	13	192	44.3488265
84	1.875	0.625	13	192	57.22403317
85	1.875	0.625	13	240	30.51578291
86	1.875	0.625	13	240	35.79292539
87	1.875	0.625	13	240	37.91105727
88	1.875	0.625	17	48	29.81029224
89	1.875	0.625	17	48	32.54690059
90	1.875	0.625	17	48	40.27886635
91	1.875	0.625	17	96	48.04046533
92	1.875	0.625	17	96	62.66109731
93	1.875	0.625	17	96	47.0354824
94	1.875	0.625	17	144	19.39119279
95	1.875	0.625	17	144	35.11513077
96	1.875	0.625	17	144	33.37938717
97	3.75	1.25	13	48	36.66187568
98	3.75	1.25	13	48	33.29810505
99	3.75	1.25	13	48	42.93487131
100	3.75	1.25	13	96	42.16014889
101	3.75	1.25	13	96	51.33982823
102	3.75	1.25	13	96	42.47477616
103	3.75	1.25	13	144	47.22549403
104	3.75	1.25	13	144	39.2000886
105	3.75	1.25	13	144	65.33170222
106	3.75	1.25	13	192	69.46189742
107	3.75	1.25	13	192	63.46360209
108	3.75	1.25	13	192	73.00979665
109	3.75	1.25	13	240	42.17745189
110	3.75	1.25	13	240	39.97469765
111	3.75	1.25	13	240	45.78465727
112	3.75	1.25	17	48	93.60879498
113	3.75	1.25	17	48	91.4571597
114	3.75	1.25	17	48	103.7295416
115	3.75	1.25	17	96	122.4562385
116	3.75	1.25	17	96	103.2451033
117	3.75	1.25	17	96	112.147704
118	3.75	1.25	17	144	65.53280603
119	3.75	1.25	17	144	82.14537823
120	3.75	1.25	17	144	86.52938717
121	7.5	2.5	13	48	34.28328402
122	7.5	2.5	13	48	30.46298591
123	7.5	2.5	13	48	38.56970713
124	7.5	2.5	13	96	41.60584002
125	7.5	2.5	13	96	49.73264959
126	7.5	2.5	13	96	41.03926228
127	7.5	2.5	13	144	56.84513374
128	7.5	2.5	13	144	49.45113046
129	7.5	2.5	13	144	44.68014957
130	7.5	2.5	13	192	76.3488316
131	7.5	2.5	13	192	70.88886579
132	7.5	2.5	13	192	58.1439081
133	7.5	2.5	13	240	37.03471326
134	7.5	2.5	13	240	47.10450357
135	7.5	2.5	13	240	30.0308428
136	7.5	2.5	17	48	108.2359738
137	7.5	2.5	17	48	98.42986358
138	7.5	2.5	17	48	82.29179767
139	7.5	2.5	17	96	126.3227681
140	7.5	2.5	17	96	120.6783102
141	7.5	2.5	17	96	110.4664163
142	7.5	2.5	17	144	85.03835481
143	7.5	2.5	17	144	88.1166932
144	7.5	2.5	17	144	77.86890951
145	1.25	1.25	13	48	19.51460846
146	1.25	1.25	13	48	23.87706165
147	1.25	1.25	13	48	21.63955775
148	1.25	1.25	13	96	27.49591879
149	1.25	1.25	13	96	26.62198656
150	1.25	1.25	13	96	30.31410482
151	1.25	1.25	13	144	35.48302754
152	1.25	1.25	13	144	26.43418664
153	1.25	1.25	13	144	28.84882888
154	1.25	1.25	13	192	55.47150398
155	1.25	1.25	13	192	36.87073655
156	1.25	1.25	13	192	47.40264718
157	1.25	1.25	13	240	23.31744346
158	1.25	1.25	13	240	31.14930128
159	1.25	1.25	13	240	33.73183565
160	1.25	1.25	17	48	61.77957504
161	1.25	1.25	17	48	51.83698404
162	1.25	1.25	17	48	46.27207942
163	1.25	1.25	17	96	70.00281485
164	1.25	1.25	17	96	79.15931213
165	1.25	1.25	17	96	71.92824945
166	1.25	1.25	17	144	36.59541858
167	1.25	1.25	17	144	49.65246237
168	1.25	1.25	17	144	54.40716106
169	2.5	2.5	13	48	59.99795655
170	2.5	2.5	13	48	51.57964534
171	2.5	2.5	13	48	48.63865325
172	2.5	2.5	13	96	67.63146614
173	2.5	2.5	13	96	47.63521849
174	2.5	2.5	13	96	62.7766429
175	2.5	2.5	13	144	56.22736512
176	2.5	2.5	13	144	65.89658088
177	2.5	2.5	13	144	91.19179654
178	2.5	2.5	13	192	92.25027852
179	2.5	2.5	13	192	80.77851642
180	2.5	2.5	13	192	90.60825761
181	2.5	2.5	13	240	50.02529414
182	2.5	2.5	13	240	50.49291054
183	2.5	2.5	13	240	63.33105899
184	2.5	2.5	17	48	82.11454928
185	2.5	2.5	17	48	96.96338873
186	2.5	2.5	17	48	129.1058617
187	2.5	2.5	17	96	121.0877981
188	2.5	2.5	17	96	140.049938
189	2.5	2.5	17	96	116.5042579
190	2.5	2.5	17	144	78.18039539
191	2.5	2.5	17	144	70.38291054
192	2.5	2.5	17	144	94.23105899
193	5	5	13	48	65.65823413
194	5	5	13	48	89.47364324
195	5	5	13	48	66.32771337
196	5	5	13	96	83.533
197	5	5	13	96	97.47270569
198	5	5	13	96	79.15020104
199	5	5	13	144	105.8125011
200	5	5	13	144	83.30743581
201	5	5	13	144	78.7959903
202	5	5	13	192	126.446565
203	5	5	13	192	101.5940749
204	5	5	13	192	100.2582591
205	5	5	13	240	75.87383315
206	5	5	13	240	55.8613472
207	5	5	13	240	63.05565294
208	5	5	17	48	196.4249771
209	5	5	17	48	152.5771472
210	5	5	17	48	156.4005188
211	5	5	17	96	205.9969484
212	5	5	17	96	225.298913
213	5	5	17	96	205.3796542
214	5	5	17	144	152.0483315
215	5	5	17	144	103.4213472
216	5	5	17	144	144.6756529
217	0.625	1.875	13	48	18.179144
218	0.625	1.875	13	48	21.94579637
219	0.625	1.875	13	48	23.54726257
220	0.625	1.875	13	96	29.50176692
221	0.625	1.875	13	96	24.38931761
222	0.625	1.875	13	96	26.00627983
223	0.625	1.875	13	144	33.89812384
224	0.625	1.875	13	144	27.33331302
225	0.625	1.875	13	144	28.0351667
226	0.625	1.875	13	192	43.96307826
227	0.625	1.875	13	192	53.12661789
228	0.625	1.875	13	192	48.27872542
229	0.625	1.875	13	240	24.21282803
230	0.625	1.875	13	240	24.24644349
231	0.625	1.875	13	240	28.87317669
232	0.625	1.875	17	48	56.13275382
233	0.625	1.875	17	48	41.61391066
234	0.625	1.875	17	48	48.96479974
235	0.625	1.875	17	96	74.37365283
236	0.625	1.875	17	96	63.24401133
237	0.625	1.875	17	96	68.18521494
238	0.625	1.875	17	144	40.62995751
239	0.625	1.875	17	144	37.02070018
240	0.625	1.875	17	144	48.66045246
241	1.25	3.75	13	48	52.20280656
242	1.25	3.75	13	48	43.66513742
243	1.25	3.75	13	48	47.21546085
244	1.25	3.75	13	96	55.25474165
245	1.25	3.75	13	96	53.2260882
246	1.25	3.75	13	96	62.03408175
247	1.25	3.75	13	144	55.93830103
248	1.25	3.75	13	144	62.19950395
249	1.25	3.75	13	144	69.998297
250	1.25	3.75	13	192	94.65371993
251	1.25	3.75	13	192	82.93408538
252	1.25	3.75	13	192	74.70107591
253	1.25	3.75	13	240	54.68748491
254	1.25	3.75	13	240	43.51546728
255	1.25	3.75	13	240	54.76295907
256	1.25	3.75	17	48	119.6301511
257	1.25	3.75	17	48	127.6713392
